326979162163621

---------------------------------------
1  5    7       3
2  3    2       3
3  5    0       2
4  1    0       3
5  0    2       2
6  3    0       1
7  2    0       1
8  1    0       1
9  2    0       0
10  0   2       0
11  0   2       0
12  1   0       1
13  2   0       0
14  1   0       1
15  0   1       0
16  1   0       0
17  0   0       1
18  1   0       0
19  1   0       0
20  0   1       0
21  1   0       0
22  0   1       0
23  1   0       0
24  0   0       1
25  0   1       0
26  1   0       0
27  1   0       0
28  1   0       0
29  0   0       1
30  0   0       0
